{
    "6511": {
        "Decision Tree": {
            "accuracy": 0.9901140684410646,
            "fn": 0.018380743982494528,
            "fp": 0.0033613445378151263,
            "tn": 0.9966386554621849,
            "tp": 0.9816192560175054
        },
        "Gaussian Naive Bayes": {
            "accuracy": 0.9222433460076046,
            "fn": 0.17549234135667396,
            "fp": 0.002689075630252101,
            "tn": 0.9973109243697479,
            "tp": 0.8245076586433261
        },
        "Linear SVM": {
            "accuracy": 0.9884030418250951,
            "fn": 0.010940919037199124,
            "fp": 0.012100840336134453,
            "tn": 0.9878991596638655,
            "tp": 0.9890590809628009
        },
        "Neural Network MLP": {
            "accuracy": 0.9897338403041825,
            "fn": 0.018380743982494528,
            "fp": 0.004033613445378151,
            "tn": 0.9959663865546219,
            "tp": 0.9816192560175054
        }
    }
}